#=====================================================
# File created:        Sun-10-Mar-2024-at-08-45-51AM
# Size of lattice:     20x20
# Number of MC steps:  1000
# Reduced temperature: 0.650
# Run time (s):        15.346923
#=====================================================
# MC step:  Ratio:     Energy:   Order:
#=====================================================
   00000    0.5000    -357.8960  0.2833 
   00001    0.7175    -601.0104  0.2860 
   00002    0.6300    -729.6971  0.2901 
   00003    0.5450    -780.7906  0.2862 
   00004    0.6025    -891.8163  0.3244 
   00005    0.5050    -932.7149  0.3396 
   00006    0.5125    -953.1839  0.3863 
   00007    0.5125    -990.5924  0.3942 
   00008    0.4650   -1041.6401  0.4233 
   00009    0.5275   -1059.2167  0.4363 
   00010    0.4825   -1070.6376  0.4272 
   00011    0.4775   -1105.7210  0.4465 
   00012    0.4900   -1124.7661  0.4174 
   00013    0.3975   -1126.1130  0.4186 
   00014    0.4475   -1130.6821  0.4131 
   00015    0.4325   -1117.1998  0.4202 
   00016    0.4450   -1119.6128  0.4177 
   00017    0.4250   -1123.5479  0.4120 
   00018    0.3975   -1110.4681  0.4045 
   00019    0.4425   -1112.1973  0.4116 
   00020    0.4450   -1130.3244  0.4262 
   00021    0.4550   -1152.5890  0.4304 
   00022    0.4650   -1161.3330  0.3988 
   00023    0.4350   -1160.1581  0.4198 
   00024    0.4050   -1172.4302  0.4251 
   00025    0.4325   -1172.7593  0.4148 
   00026    0.4400   -1179.7606  0.4261 
   00027    0.4300   -1154.4126  0.4332 
   00028    0.4625   -1149.9263  0.4406 
   00029    0.4575   -1150.6873  0.4571 
   00030    0.4425   -1152.5418  0.4841 
   00031    0.4325   -1170.5202  0.4903 
   00032    0.4050   -1179.5629  0.4890 
   00033    0.4175   -1181.6531  0.4846 
   00034    0.4350   -1179.9952  0.4702 
   00035    0.3950   -1181.9155  0.4674 
   00036    0.4125   -1177.5897  0.4651 
   00037    0.4225   -1179.0290  0.4693 
   00038    0.4525   -1161.5902  0.4616 
   00039    0.4075   -1174.2754  0.4566 
   00040    0.4100   -1158.5828  0.4467 
   00041    0.4400   -1187.7075  0.4602 
   00042    0.4500   -1189.5623  0.4647 
   00043    0.4200   -1193.2790  0.4767 
   00044    0.4275   -1187.5547  0.4709 
   00045    0.4150   -1186.7203  0.4567 
   00046    0.4500   -1130.8258  0.4471 
   00047    0.4200   -1151.2608  0.4677 
   00048    0.4675   -1165.5932  0.4390 
   00049    0.4325   -1141.2260  0.4337 
   00050    0.4300   -1154.1121  0.4258 
   00051    0.4550   -1192.4753  0.4479 
   00052    0.4075   -1198.8646  0.4680 
   00053    0.4750   -1185.3392  0.4558 
   00054    0.4400   -1174.3557  0.4586 
   00055    0.4600   -1163.6072  0.4484 
   00056    0.4150   -1157.4775  0.4544 
   00057    0.4425   -1148.9273  0.4652 
   00058    0.4350   -1131.1780  0.4667 
   00059    0.4025   -1129.1241  0.4656 
   00060    0.4725   -1124.7127  0.4552 
   00061    0.4725   -1113.9414  0.4469 
   00062    0.4175   -1126.0129  0.4579 
   00063    0.4900   -1152.3925  0.4748 
   00064    0.4250   -1146.5737  0.4759 
   00065    0.4200   -1142.2627  0.4911 
   00066    0.4575   -1127.7065  0.5054 
   00067    0.4050   -1121.8499  0.5184 
   00068    0.4450   -1132.2308  0.5193 
   00069    0.4475   -1144.9377  0.5452 
   00070    0.4775   -1138.3192  0.5357 
   00071    0.4475   -1167.9169  0.5629 
   00072    0.4150   -1177.2508  0.5636 
   00073    0.4575   -1163.9447  0.5720 
   00074    0.4375   -1186.9583  0.5718 
   00075    0.4700   -1177.5318  0.5768 
   00076    0.4175   -1188.2885  0.5776 
   00077    0.4075   -1192.7852  0.6030 
   00078    0.3950   -1207.0382  0.6185 
   00079    0.4100   -1204.9806  0.6170 
   00080    0.4300   -1223.7803  0.6127 
   00081    0.3825   -1231.8825  0.6207 
   00082    0.4200   -1219.5890  0.6087 
   00083    0.4825   -1210.1364  0.6019 
   00084    0.4625   -1219.7650  0.6264 
   00085    0.4150   -1229.3145  0.6373 
   00086    0.3900   -1213.9324  0.6503 
   00087    0.3350   -1233.5041  0.6463 
   00088    0.4175   -1233.9740  0.6607 
   00089    0.4025   -1219.4835  0.6468 
   00090    0.4200   -1245.6465  0.6646 
   00091    0.4250   -1247.0577  0.6674 
   00092    0.3925   -1265.0399  0.6753 
   00093    0.4200   -1261.2725  0.6693 
   00094    0.3775   -1274.1780  0.6563 
   00095    0.4075   -1264.9448  0.6797 
   00096    0.4325   -1249.6862  0.6827 
   00097    0.3725   -1254.6794  0.6800 
   00098    0.4450   -1234.7841  0.6937 
   00099    0.3975   -1228.8880  0.6793 
   00100    0.4125   -1211.3837  0.6874 
   00101    0.3975   -1217.4548  0.6997 
   00102    0.4100   -1226.2481  0.7026 
   00103    0.4550   -1209.7038  0.7011 
   00104    0.4275   -1202.1363  0.7047 
   00105    0.4125   -1203.1092  0.7041 
   00106    0.4075   -1211.1316  0.7077 
   00107    0.4000   -1208.2600  0.7123 
   00108    0.4150   -1241.4300  0.7354 
   00109    0.4200   -1259.9533  0.7549 
   00110    0.4150   -1275.7205  0.7665 
   00111    0.3975   -1258.9156  0.7733 
   00112    0.4325   -1268.9136  0.7793 
   00113    0.3900   -1257.8177  0.7651 
   00114    0.4175   -1274.9639  0.7732 
   00115    0.4150   -1275.4092  0.7715 
   00116    0.4000   -1275.8640  0.7662 
   00117    0.3700   -1256.7586  0.7729 
   00118    0.3650   -1266.5174  0.7622 
   00119    0.4200   -1259.4590  0.7617 
   00120    0.3625   -1268.8141  0.7839 
   00121    0.4125   -1231.6180  0.7598 
   00122    0.4325   -1224.9882  0.7681 
   00123    0.4300   -1259.7169  0.7846 
   00124    0.4175   -1258.6888  0.7701 
   00125    0.3975   -1247.6445  0.7765 
   00126    0.4325   -1280.7494  0.8003 
   00127    0.4050   -1247.7726  0.7975 
   00128    0.3750   -1243.1818  0.7847 
   00129    0.4125   -1260.5757  0.7882 
   00130    0.4275   -1270.7067  0.7868 
   00131    0.4175   -1255.2915  0.7735 
   00132    0.4075   -1253.0748  0.7816 
   00133    0.3875   -1239.3833  0.7783 
   00134    0.4175   -1273.1297  0.7812 
   00135    0.4050   -1277.3266  0.7785 
   00136    0.4175   -1275.4610  0.7705 
   00137    0.4050   -1277.2729  0.7712 
   00138    0.4100   -1298.7152  0.7872 
   00139    0.4125   -1303.5939  0.7910 
   00140    0.3600   -1298.5879  0.7878 
   00141    0.4225   -1292.5777  0.7897 
   00142    0.4350   -1293.5295  0.7850 
   00143    0.3925   -1305.9378  0.7906 
   00144    0.4100   -1283.4252  0.7780 
   00145    0.3525   -1289.8012  0.7823 
   00146    0.4575   -1264.3396  0.7727 
   00147    0.4200   -1291.2741  0.7836 
   00148    0.4100   -1289.0019  0.7824 
   00149    0.3950   -1277.3775  0.7796 
   00150    0.4425   -1278.5193  0.7784 
   00151    0.4050   -1275.2834  0.7767 
   00152    0.4375   -1242.3447  0.7845 
   00153    0.4000   -1245.3793  0.7859 
   00154    0.4250   -1253.1944  0.7882 
   00155    0.4350   -1272.2867  0.8032 
   00156    0.3850   -1261.3922  0.7922 
   00157    0.4075   -1247.9224  0.7894 
   00158    0.3775   -1252.1755  0.7841 
   00159    0.3650   -1245.6349  0.7734 
   00160    0.3875   -1251.7948  0.7777 
   00161    0.4200   -1275.2356  0.7738 
   00162    0.4425   -1242.9377  0.7612 
   00163    0.3775   -1245.5030  0.7647 
   00164    0.4150   -1271.6424  0.7679 
   00165    0.4225   -1264.0478  0.7604 
   00166    0.4300   -1252.1846  0.7480 
   00167    0.3900   -1244.9574  0.7474 
   00168    0.4450   -1237.8988  0.7522 
   00169    0.4250   -1223.5512  0.7460 
   00170    0.4275   -1224.8842  0.7343 
   00171    0.4175   -1220.3098  0.7337 
   00172    0.4200   -1240.4879  0.7366 
   00173    0.4125   -1245.4233  0.7377 
   00174    0.3875   -1263.4553  0.7465 
   00175    0.3800   -1267.2818  0.7503 
   00176    0.4475   -1260.1686  0.7538 
   00177    0.4225   -1267.4521  0.7694 
   00178    0.4075   -1253.9179  0.7728 
   00179    0.3825   -1271.1454  0.7885 
   00180    0.3650   -1264.5895  0.7885 
   00181    0.4000   -1250.4778  0.7910 
   00182    0.3975   -1265.9032  0.7998 
   00183    0.4175   -1261.4444  0.8016 
   00184    0.4050   -1266.4635  0.8048 
   00185    0.4300   -1280.1558  0.7973 
   00186    0.4150   -1310.9886  0.8097 
   00187    0.3725   -1317.8960  0.8085 
   00188    0.4050   -1306.3441  0.8047 
   00189    0.3825   -1320.0098  0.8095 
   00190    0.3750   -1316.7812  0.8101 
   00191    0.3925   -1308.0392  0.8161 
   00192    0.3850   -1315.0724  0.8145 
   00193    0.4050   -1288.1235  0.8005 
   00194    0.3950   -1279.7413  0.7975 
   00195    0.3900   -1297.0087  0.7987 
   00196    0.3675   -1292.2169  0.7995 
   00197    0.4275   -1287.1294  0.7971 
   00198    0.4075   -1292.2712  0.8034 
   00199    0.3475   -1286.3558  0.8008 
   00200    0.3875   -1292.9291  0.7893 
   00201    0.3775   -1274.4900  0.7793 
   00202    0.3825   -1294.7064  0.7919 
   00203    0.4225   -1293.9789  0.7932 
   00204    0.3600   -1299.1845  0.7846 
   00205    0.3650   -1271.6545  0.7760 
   00206    0.4075   -1252.1479  0.7531 
   00207    0.4025   -1241.9028  0.7427 
   00208    0.3675   -1254.4590  0.7446 
   00209    0.4625   -1236.0214  0.7440 
   00210    0.3675   -1239.6492  0.7496 
   00211    0.3725   -1254.8528  0.7579 
   00212    0.4375   -1257.3741  0.7567 
   00213    0.4375   -1250.6293  0.7450 
   00214    0.4050   -1261.1934  0.7634 
   00215    0.3625   -1262.2559  0.7628 
   00216    0.3775   -1254.8991  0.7694 
   00217    0.4200   -1265.7891  0.7606 
   00218    0.3875   -1249.3583  0.7549 
   00219    0.3750   -1275.4850  0.7637 
   00220    0.4075   -1253.2553  0.7545 
   00221    0.3625   -1285.5782  0.7641 
   00222    0.4125   -1259.6466  0.7631 
   00223    0.3700   -1263.6123  0.7796 
   00224    0.4300   -1275.2958  0.7975 
   00225    0.4300   -1289.4022  0.7927 
   00226    0.4225   -1279.8751  0.7857 
   00227    0.4225   -1272.5975  0.7950 
   00228    0.3900   -1268.0402  0.7793 
   00229    0.3975   -1277.2799  0.7828 
   00230    0.4050   -1273.0450  0.7952 
   00231    0.3875   -1264.1666  0.8022 
   00232    0.3975   -1266.2912  0.7900 
   00233    0.3950   -1272.4381  0.7867 
   00234    0.4050   -1271.3538  0.7910 
   00235    0.4025   -1280.3483  0.7911 
   00236    0.4050   -1283.2520  0.7954 
   00237    0.4375   -1279.3888  0.7977 
   00238    0.3975   -1263.9407  0.7954 
   00239    0.3550   -1280.1127  0.8080 
   00240    0.3550   -1292.4000  0.8280 
   00241    0.4500   -1274.2778  0.8272 
   00242    0.4350   -1255.1254  0.8194 
   00243    0.4150   -1269.2798  0.8231 
   00244    0.3925   -1285.2112  0.8317 
   00245    0.3950   -1262.3421  0.8281 
   00246    0.3800   -1262.4692  0.8168 
   00247    0.3975   -1274.6598  0.8174 
   00248    0.3625   -1298.8967  0.8258 
   00249    0.4150   -1286.1081  0.8115 
   00250    0.4100   -1289.0405  0.8167 
   00251    0.3725   -1292.7816  0.8226 
   00252    0.4225   -1280.4006  0.8173 
   00253    0.4225   -1292.3024  0.8302 
   00254    0.4650   -1298.8594  0.8296 
   00255    0.4300   -1295.9715  0.8240 
   00256    0.4075   -1263.0495  0.8086 
   00257    0.4225   -1271.2075  0.8180 
   00258    0.4450   -1288.4569  0.8167 
   00259    0.4075   -1287.5946  0.7903 
   00260    0.3975   -1312.6506  0.7965 
   00261    0.4025   -1296.4577  0.7907 
   00262    0.4225   -1300.3792  0.7881 
   00263    0.4025   -1308.0060  0.7904 
   00264    0.3650   -1286.0278  0.7798 
   00265    0.4175   -1278.5157  0.7710 
   00266    0.4000   -1279.0364  0.7725 
   00267    0.3975   -1282.1750  0.7781 
   00268    0.3975   -1281.2461  0.7770 
   00269    0.4150   -1283.2831  0.7809 
   00270    0.3700   -1293.1962  0.7883 
   00271    0.3925   -1281.0516  0.7874 
   00272    0.3725   -1279.1052  0.7846 
   00273    0.3775   -1290.9862  0.7913 
   00274    0.4050   -1304.6201  0.8048 
   00275    0.3950   -1294.1221  0.8070 
   00276    0.3925   -1293.9101  0.8016 
   00277    0.4025   -1306.7384  0.8126 
   00278    0.3800   -1305.0701  0.8172 
   00279    0.3300   -1307.0801  0.8054 
   00280    0.3725   -1305.8643  0.7981 
   00281    0.3825   -1299.0214  0.7962 
   00282    0.3925   -1307.6513  0.8042 
   00283    0.3750   -1303.9066  0.8046 
   00284    0.4250   -1312.6931  0.8022 
   00285    0.3800   -1274.9412  0.7939 
   00286    0.4150   -1287.7502  0.8050 
   00287    0.3600   -1277.3561  0.8003 
   00288    0.3825   -1276.6248  0.8023 
   00289    0.3875   -1282.6100  0.8102 
   00290    0.3900   -1314.1162  0.8206 
   00291    0.4075   -1287.1607  0.8097 
   00292    0.3900   -1304.5232  0.8146 
   00293    0.4200   -1292.8561  0.8232 
   00294    0.3750   -1307.3939  0.8277 
   00295    0.3875   -1271.7542  0.8154 
   00296    0.3900   -1260.5230  0.8012 
   00297    0.3950   -1255.1457  0.7962 
   00298    0.3725   -1284.1460  0.8141 
   00299    0.3575   -1295.8642  0.8151 
   00300    0.3775   -1297.7230  0.8235 
   00301    0.4450   -1307.8120  0.8297 
   00302    0.4100   -1311.6739  0.8276 
   00303    0.3925   -1294.0309  0.8229 
   00304    0.4125   -1268.1088  0.7979 
   00305    0.4300   -1283.2039  0.8002 
   00306    0.3950   -1296.8524  0.8055 
   00307    0.3800   -1303.8929  0.8172 
   00308    0.3825   -1282.7313  0.8135 
   00309    0.3875   -1293.3061  0.8081 
   00310    0.3925   -1275.7565  0.8080 
   00311    0.3875   -1301.3593  0.8171 
   00312    0.3625   -1316.8001  0.8221 
   00313    0.4075   -1308.6734  0.8218 
   00314    0.3825   -1294.5488  0.8108 
   00315    0.3900   -1282.8917  0.8083 
   00316    0.3975   -1294.9604  0.8157 
   00317    0.3600   -1309.8492  0.8158 
   00318    0.3950   -1298.6805  0.8179 
   00319    0.4375   -1273.4393  0.8065 
   00320    0.3800   -1284.5259  0.8245 
   00321    0.4125   -1295.1266  0.8253 
   00322    0.3875   -1305.3305  0.8306 
   00323    0.4300   -1303.5069  0.8322 
   00324    0.3800   -1290.8575  0.8272 
   00325    0.3800   -1281.2886  0.8255 
   00326    0.4000   -1306.6523  0.8304 
   00327    0.3850   -1311.2462  0.8311 
   00328    0.4075   -1318.0462  0.8336 
   00329    0.3875   -1317.9944  0.8272 
   00330    0.3875   -1317.8324  0.8355 
   00331    0.3725   -1314.6789  0.8430 
   00332    0.4250   -1298.6615  0.8266 
   00333    0.3875   -1294.4301  0.8209 
   00334    0.4450   -1282.0415  0.8159 
   00335    0.3975   -1319.7500  0.8306 
   00336    0.3500   -1324.2406  0.8301 
   00337    0.3875   -1312.4011  0.8110 
   00338    0.3750   -1315.2120  0.8256 
   00339    0.3550   -1302.8296  0.8233 
   00340    0.4100   -1289.1882  0.8345 
   00341    0.3675   -1313.7428  0.8381 
   00342    0.3375   -1328.4069  0.8495 
   00343    0.4075   -1305.3775  0.8315 
   00344    0.3725   -1312.0097  0.8372 
   00345    0.4075   -1309.3991  0.8393 
   00346    0.3850   -1314.0674  0.8468 
   00347    0.4275   -1300.2097  0.8389 
   00348    0.4050   -1280.8709  0.8359 
   00349    0.3725   -1295.2263  0.8431 
   00350    0.4200   -1277.8180  0.8271 
   00351    0.4275   -1266.4355  0.8245 
   00352    0.4000   -1273.7075  0.8253 
   00353    0.4025   -1286.6689  0.8276 
   00354    0.4350   -1298.3687  0.8329 
   00355    0.4125   -1301.7563  0.8266 
   00356    0.3550   -1285.1318  0.8282 
   00357    0.3975   -1250.8434  0.8186 
   00358    0.3925   -1287.1721  0.8284 
   00359    0.3800   -1277.4423  0.8312 
   00360    0.3725   -1286.8611  0.8431 
   00361    0.3900   -1303.7264  0.8516 
   00362    0.3975   -1298.2603  0.8461 
   00363    0.3900   -1304.4824  0.8408 
   00364    0.4075   -1317.3756  0.8521 
   00365    0.3725   -1310.3385  0.8454 
   00366    0.3975   -1292.3019  0.8386 
   00367    0.3700   -1277.7353  0.8344 
   00368    0.3725   -1281.9176  0.8280 
   00369    0.3825   -1279.5623  0.8354 
   00370    0.3875   -1288.3728  0.8381 
   00371    0.3725   -1305.0145  0.8455 
   00372    0.4250   -1299.6230  0.8524 
   00373    0.4325   -1312.2582  0.8613 
   00374    0.4000   -1327.9911  0.8592 
   00375    0.3975   -1296.6343  0.8410 
   00376    0.3725   -1283.4539  0.8341 
   00377    0.4100   -1284.2959  0.8300 
   00378    0.3850   -1291.2645  0.8349 
   00379    0.3850   -1326.0620  0.8467 
   00380    0.4175   -1303.3542  0.8399 
   00381    0.4075   -1292.3710  0.8290 
   00382    0.4075   -1287.9113  0.8259 
   00383    0.4175   -1289.7300  0.8233 
   00384    0.3950   -1270.9329  0.8311 
   00385    0.4400   -1265.1274  0.8253 
   00386    0.3450   -1281.6609  0.8303 
   00387    0.4175   -1263.6629  0.8383 
   00388    0.3900   -1252.2806  0.8333 
   00389    0.3800   -1275.6033  0.8355 
   00390    0.3850   -1251.2689  0.8104 
   00391    0.4400   -1259.0344  0.8109 
   00392    0.3700   -1268.2585  0.8078 
   00393    0.4125   -1263.6192  0.8098 
   00394    0.4000   -1249.8180  0.8015 
   00395    0.4075   -1249.3603  0.8153 
   00396    0.4150   -1252.9643  0.8177 
   00397    0.4450   -1252.3089  0.8019 
   00398    0.3675   -1252.1594  0.7979 
   00399    0.4425   -1244.6471  0.8041 
   00400    0.4375   -1236.9797  0.7932 
   00401    0.4050   -1264.5819  0.8063 
   00402    0.3700   -1277.7884  0.8018 
   00403    0.3925   -1261.9026  0.7933 
   00404    0.4125   -1268.2172  0.7905 
   00405    0.3875   -1255.0568  0.7949 
   00406    0.4175   -1272.9750  0.7998 
   00407    0.4225   -1252.6372  0.7989 
   00408    0.3925   -1247.6024  0.7859 
   00409    0.4250   -1255.8810  0.7884 
   00410    0.4475   -1287.4703  0.7980 
   00411    0.3725   -1282.8367  0.8127 
   00412    0.4350   -1287.9998  0.8027 
   00413    0.3725   -1269.7932  0.7992 
   00414    0.4075   -1274.0341  0.8008 
   00415    0.3700   -1288.9040  0.8128 
   00416    0.4175   -1298.2501  0.8208 
   00417    0.4525   -1303.2019  0.8287 
   00418    0.3775   -1304.9330  0.8275 
   00419    0.3825   -1299.5315  0.8247 
   00420    0.4050   -1321.5335  0.8355 
   00421    0.3925   -1317.1231  0.8315 
   00422    0.4125   -1337.8251  0.8485 
   00423    0.3850   -1312.1881  0.8450 
   00424    0.4250   -1317.1921  0.8475 
   00425    0.4000   -1291.3777  0.8342 
   00426    0.4100   -1270.8652  0.8246 
   00427    0.3425   -1235.6018  0.8113 
   00428    0.4100   -1233.2673  0.7966 
   00429    0.4300   -1253.2008  0.8096 
   00430    0.4275   -1276.6772  0.8074 
   00431    0.4150   -1264.2205  0.8094 
   00432    0.3875   -1271.9511  0.8157 
   00433    0.4150   -1270.7688  0.8247 
   00434    0.4350   -1268.7499  0.8129 
   00435    0.4075   -1282.3114  0.8066 
   00436    0.4050   -1271.8734  0.7927 
   00437    0.3750   -1262.2667  0.7946 
   00438    0.4050   -1276.4093  0.7860 
   00439    0.4050   -1309.2452  0.8072 
   00440    0.3800   -1323.7612  0.8138 
   00441    0.3450   -1327.8126  0.8241 
   00442    0.3725   -1339.7275  0.8136 
   00443    0.3900   -1334.0908  0.8135 
   00444    0.3975   -1312.2195  0.8016 
   00445    0.3925   -1303.1816  0.8077 
   00446    0.4025   -1320.0835  0.8147 
   00447    0.3475   -1301.1744  0.8026 
   00448    0.3825   -1307.2179  0.8029 
   00449    0.3800   -1310.0729  0.7964 
   00450    0.4000   -1302.6617  0.7915 
   00451    0.3950   -1305.6637  0.7997 
   00452    0.3725   -1308.9854  0.7990 
   00453    0.3525   -1300.0853  0.8015 
   00454    0.4025   -1311.8678  0.8155 
   00455    0.3900   -1326.8560  0.8076 
   00456    0.3700   -1318.0601  0.8146 
   00457    0.3500   -1311.9937  0.8141 
   00458    0.3775   -1320.2141  0.8203 
   00459    0.3775   -1309.5530  0.8160 
   00460    0.3800   -1300.1393  0.8081 
   00461    0.4325   -1279.8661  0.8006 
   00462    0.4175   -1269.3424  0.7968 
   00463    0.4400   -1275.3560  0.7975 
   00464    0.4150   -1286.7238  0.7932 
   00465    0.4300   -1279.2001  0.8023 
   00466    0.4175   -1281.5093  0.7983 
   00467    0.4775   -1299.8389  0.8060 
   00468    0.4175   -1308.2705  0.8064 
   00469    0.4100   -1297.5764  0.7951 
   00470    0.4075   -1272.4570  0.7861 
   00471    0.3825   -1278.2281  0.7879 
   00472    0.3750   -1274.9854  0.8054 
   00473    0.3950   -1283.9290  0.8193 
   00474    0.3900   -1286.3147  0.8213 
   00475    0.4500   -1323.6505  0.8171 
   00476    0.3425   -1318.5169  0.8075 
   00477    0.3650   -1320.4724  0.8088 
   00478    0.3925   -1316.2898  0.8058 
   00479    0.4050   -1303.4684  0.7994 
   00480    0.3725   -1323.1817  0.8113 
   00481    0.3750   -1316.8493  0.8123 
   00482    0.4025   -1305.2203  0.8106 
   00483    0.4400   -1296.3194  0.8100 
   00484    0.3975   -1336.6508  0.8350 
   00485    0.3350   -1344.0534  0.8317 
   00486    0.3875   -1332.8533  0.8184 
   00487    0.4075   -1299.4272  0.8133 
   00488    0.4225   -1277.2507  0.8038 
   00489    0.3775   -1286.3085  0.8132 
   00490    0.4150   -1275.9449  0.8097 
   00491    0.4475   -1273.3440  0.8044 
   00492    0.3725   -1263.4211  0.7901 
   00493    0.4000   -1242.6340  0.7651 
   00494    0.3825   -1248.4059  0.7592 
   00495    0.4025   -1263.1214  0.7673 
   00496    0.4300   -1274.1413  0.7732 
   00497    0.4100   -1251.9368  0.7663 
   00498    0.4025   -1230.8431  0.7647 
   00499    0.3800   -1246.3173  0.7570 
   00500    0.4100   -1259.3579  0.7660 
   00501    0.4375   -1265.8270  0.7620 
   00502    0.4275   -1273.7902  0.7508 
   00503    0.4025   -1255.5460  0.7410 
   00504    0.4225   -1259.6772  0.7445 
   00505    0.4150   -1278.4762  0.7548 
   00506    0.4200   -1284.8711  0.7597 
   00507    0.4025   -1262.0263  0.7559 
   00508    0.3975   -1270.6677  0.7487 
   00509    0.3625   -1269.9783  0.7509 
   00510    0.4150   -1254.7241  0.7550 
   00511    0.4250   -1262.7064  0.7574 
   00512    0.3975   -1291.2310  0.7651 
   00513    0.3750   -1284.3579  0.7686 
   00514    0.3975   -1286.6499  0.7606 
   00515    0.4425   -1277.9782  0.7634 
   00516    0.4250   -1267.2863  0.7584 
   00517    0.3725   -1282.3768  0.7693 
   00518    0.4250   -1276.2431  0.7586 
   00519    0.4175   -1281.3920  0.7645 
   00520    0.3675   -1274.8388  0.7421 
   00521    0.4175   -1279.6248  0.7478 
   00522    0.4100   -1270.2899  0.7463 
   00523    0.3975   -1282.0186  0.7528 
   00524    0.3950   -1286.8018  0.7496 
   00525    0.4100   -1279.9148  0.7499 
   00526    0.4150   -1284.4314  0.7366 
   00527    0.3975   -1284.0637  0.7185 
   00528    0.4150   -1281.5589  0.7135 
   00529    0.4125   -1255.1244  0.7098 
   00530    0.4050   -1235.6874  0.7004 
   00531    0.4400   -1250.8577  0.7094 
   00532    0.3950   -1268.4202  0.7111 
   00533    0.4050   -1275.9132  0.7052 
   00534    0.3900   -1263.6630  0.6908 
   00535    0.4000   -1271.7161  0.6982 
   00536    0.3950   -1275.0512  0.6970 
   00537    0.3825   -1280.1064  0.6936 
   00538    0.3975   -1292.0049  0.6989 
   00539    0.3950   -1277.1187  0.6849 
   00540    0.4275   -1258.6665  0.6808 
   00541    0.4125   -1270.1317  0.6925 
   00542    0.4100   -1278.3832  0.6973 
   00543    0.4200   -1270.9610  0.7057 
   00544    0.4050   -1266.0113  0.6914 
   00545    0.3875   -1268.3091  0.6868 
   00546    0.3325   -1283.0448  0.7024 
   00547    0.3750   -1265.4332  0.7027 
   00548    0.3500   -1283.9331  0.7195 
   00549    0.3900   -1282.4034  0.7177 
   00550    0.4125   -1267.7739  0.7178 
   00551    0.4225   -1230.6975  0.7057 
   00552    0.4350   -1227.0940  0.7097 
   00553    0.3975   -1248.7968  0.7224 
   00554    0.4225   -1264.8606  0.7420 
   00555    0.3950   -1271.2530  0.7522 
   00556    0.4000   -1270.1312  0.7601 
   00557    0.3825   -1252.5826  0.7513 
   00558    0.4025   -1249.8463  0.7429 
   00559    0.3875   -1253.2705  0.7300 
   00560    0.4125   -1220.0192  0.7218 
   00561    0.4075   -1240.4123  0.7317 
   00562    0.4350   -1218.7752  0.7160 
   00563    0.4650   -1182.7056  0.6933 
   00564    0.4650   -1194.5061  0.6956 
   00565    0.4225   -1222.7462  0.6975 
   00566    0.3825   -1246.3773  0.7046 
   00567    0.3950   -1239.2166  0.7061 
   00568    0.4225   -1249.2334  0.7139 
   00569    0.4300   -1260.5516  0.7190 
   00570    0.4300   -1241.1769  0.7179 
   00571    0.4475   -1268.5948  0.7376 
   00572    0.3900   -1252.8651  0.7374 
   00573    0.4300   -1259.7774  0.7420 
   00574    0.3750   -1259.7140  0.7305 
   00575    0.4275   -1248.4389  0.7175 
   00576    0.3700   -1282.6376  0.7265 
   00577    0.3875   -1281.8691  0.7263 
   00578    0.4100   -1298.6413  0.7253 
   00579    0.4150   -1302.9429  0.7371 
   00580    0.4400   -1306.0755  0.7525 
   00581    0.3750   -1285.1665  0.7456 
   00582    0.4350   -1272.7726  0.7494 
   00583    0.4000   -1262.1955  0.7316 
   00584    0.4375   -1275.9775  0.7299 
   00585    0.4300   -1284.3161  0.7429 
   00586    0.3700   -1280.7540  0.7541 
   00587    0.4525   -1267.9951  0.7482 
   00588    0.4050   -1242.5495  0.7371 
   00589    0.4200   -1254.2544  0.7445 
   00590    0.4150   -1271.7315  0.7314 
   00591    0.4150   -1269.7122  0.7235 
   00592    0.4150   -1238.2345  0.7154 
   00593    0.3650   -1241.1291  0.7112 
   00594    0.4275   -1254.2728  0.7167 
   00595    0.3850   -1256.5218  0.7368 
   00596    0.4050   -1269.6555  0.7295 
   00597    0.4200   -1271.5167  0.7341 
   00598    0.4375   -1275.3840  0.7491 
   00599    0.4075   -1289.7449  0.7623 
   00600    0.3900   -1283.0024  0.7566 
   00601    0.4175   -1252.1206  0.7586 
   00602    0.4125   -1244.0130  0.7519 
   00603    0.4400   -1229.3258  0.7412 
   00604    0.3925   -1247.4160  0.7498 
   00605    0.3950   -1258.4253  0.7354 
   00606    0.4050   -1243.7104  0.7305 
   00607    0.3750   -1276.7806  0.7355 
   00608    0.3925   -1250.8482  0.7279 
   00609    0.4225   -1238.0480  0.7327 
   00610    0.4225   -1256.5026  0.7492 
   00611    0.3775   -1258.9553  0.7616 
   00612    0.4200   -1262.9000  0.7590 
   00613    0.3850   -1262.8600  0.7626 
   00614    0.3825   -1292.2517  0.7651 
   00615    0.3725   -1308.6201  0.7705 
   00616    0.4175   -1311.3403  0.7812 
   00617    0.4000   -1307.4428  0.7826 
   00618    0.3825   -1310.1690  0.7805 
   00619    0.4075   -1305.8124  0.7785 
   00620    0.3525   -1304.3746  0.7845 
   00621    0.3675   -1324.5778  0.7909 
   00622    0.3825   -1297.2907  0.7810 
   00623    0.4400   -1276.3695  0.7826 
   00624    0.4025   -1249.3717  0.7701 
   00625    0.4075   -1258.9104  0.7740 
   00626    0.4450   -1249.4195  0.7716 
   00627    0.4175   -1247.0872  0.7639 
   00628    0.4200   -1256.8184  0.7647 
   00629    0.4100   -1267.4779  0.7515 
   00630    0.3575   -1267.2021  0.7623 
   00631    0.3925   -1255.4268  0.7457 
   00632    0.4475   -1274.0537  0.7392 
   00633    0.4000   -1269.1311  0.7492 
   00634    0.4175   -1277.0315  0.7457 
   00635    0.3450   -1286.2744  0.7407 
   00636    0.4275   -1280.3775  0.7511 
   00637    0.4225   -1274.8820  0.7486 
   00638    0.4175   -1285.8763  0.7565 
   00639    0.3775   -1281.7148  0.7507 
   00640    0.4350   -1284.7343  0.7524 
   00641    0.3900   -1282.6057  0.7562 
   00642    0.3975   -1296.8435  0.7666 
   00643    0.3850   -1295.9318  0.7667 
   00644    0.3825   -1290.8705  0.7786 
   00645    0.3950   -1276.2863  0.7693 
   00646    0.3975   -1291.0712  0.7809 
   00647    0.3775   -1292.8488  0.7879 
   00648    0.3625   -1306.4223  0.7929 
   00649    0.4050   -1303.5089  0.7861 
   00650    0.4250   -1321.1215  0.7920 
   00651    0.3750   -1325.3080  0.7943 
   00652    0.3900   -1308.4384  0.7998 
   00653    0.3775   -1299.4009  0.7962 
   00654    0.4000   -1291.4683  0.8029 
   00655    0.3725   -1320.3522  0.8078 
   00656    0.3775   -1327.6686  0.8193 
   00657    0.3850   -1336.2506  0.8152 
   00658    0.3650   -1350.4762  0.8237 
   00659    0.4225   -1337.1579  0.8060 
   00660    0.3750   -1319.2002  0.7959 
   00661    0.4225   -1319.8203  0.8095 
   00662    0.3600   -1310.2017  0.8043 
   00663    0.4525   -1291.2186  0.7998 
   00664    0.4400   -1297.8722  0.8024 
   00665    0.3975   -1301.5453  0.8020 
   00666    0.4000   -1292.5706  0.8097 
   00667    0.4025   -1305.5816  0.8276 
   00668    0.3950   -1301.9277  0.8211 
   00669    0.4200   -1321.2466  0.8307 
   00670    0.3850   -1329.3998  0.8335 
   00671    0.3825   -1297.9610  0.8218 
   00672    0.3750   -1293.5119  0.8214 
   00673    0.3525   -1310.5931  0.8218 
   00674    0.3900   -1302.6949  0.8195 
   00675    0.3775   -1293.1418  0.8177 
   00676    0.4425   -1298.7103  0.8218 
   00677    0.4200   -1295.8005  0.8186 
   00678    0.4025   -1324.5438  0.8235 
   00679    0.4000   -1306.2949  0.8066 
   00680    0.4225   -1303.2598  0.8085 
   00681    0.3700   -1300.4530  0.8036 
   00682    0.3625   -1302.5325  0.8039 
   00683    0.4075   -1320.1900  0.8052 
   00684    0.4050   -1317.8444  0.8036 
   00685    0.4100   -1325.0162  0.8073 
   00686    0.3625   -1313.9840  0.8009 
   00687    0.4075   -1311.2773  0.7957 
   00688    0.3775   -1315.1437  0.7938 
   00689    0.4175   -1312.0115  0.8018 
   00690    0.4000   -1295.0189  0.7955 
   00691    0.3725   -1302.2701  0.8090 
   00692    0.3775   -1272.4239  0.8013 
   00693    0.3950   -1271.0164  0.8024 
   00694    0.3900   -1259.1569  0.7931 
   00695    0.4300   -1254.3445  0.7750 
   00696    0.4250   -1245.2333  0.7739 
   00697    0.4150   -1246.8696  0.7776 
   00698    0.3825   -1246.9007  0.7768 
   00699    0.4100   -1238.5873  0.7657 
   00700    0.4525   -1252.8494  0.7759 
   00701    0.3850   -1226.5016  0.7622 
   00702    0.4225   -1229.5779  0.7698 
   00703    0.4025   -1252.4865  0.7889 
   00704    0.4125   -1284.3374  0.7952 
   00705    0.4475   -1286.2125  0.7845 
   00706    0.4075   -1275.1944  0.7862 
   00707    0.3950   -1267.3440  0.7849 
   00708    0.4175   -1280.5152  0.7942 
   00709    0.4000   -1261.8871  0.7859 
   00710    0.4325   -1268.4977  0.7857 
   00711    0.4300   -1277.9526  0.7947 
   00712    0.4025   -1293.1643  0.7994 
   00713    0.4350   -1294.9474  0.7979 
   00714    0.3650   -1314.1570  0.8051 
   00715    0.3550   -1296.5728  0.7986 
   00716    0.3400   -1286.3362  0.7998 
   00717    0.4300   -1287.3538  0.7941 
   00718    0.4500   -1300.3529  0.8024 
   00719    0.3800   -1311.3979  0.8069 
   00720    0.3900   -1326.0558  0.8230 
   00721    0.3825   -1335.6631  0.8269 
   00722    0.4375   -1329.0838  0.8320 
   00723    0.3500   -1317.9667  0.8224 
   00724    0.4125   -1308.3024  0.8190 
   00725    0.3900   -1299.0691  0.8141 
   00726    0.3925   -1296.0223  0.8213 
   00727    0.3925   -1274.8403  0.8145 
   00728    0.4400   -1287.2042  0.8142 
   00729    0.3900   -1289.0775  0.8007 
   00730    0.3900   -1291.7659  0.7895 
   00731    0.4200   -1272.5211  0.7769 
   00732    0.3825   -1271.7175  0.7936 
   00733    0.4000   -1276.6321  0.7806 
   00734    0.3550   -1289.6092  0.7898 
   00735    0.4050   -1274.2564  0.7884 
   00736    0.3975   -1281.4955  0.7815 
   00737    0.4525   -1245.0995  0.7669 
   00738    0.3925   -1225.7195  0.7626 
   00739    0.4275   -1226.7234  0.7548 
   00740    0.4100   -1204.3981  0.7492 
   00741    0.4325   -1239.1091  0.7563 
   00742    0.4575   -1219.5494  0.7519 
   00743    0.3950   -1245.5056  0.7495 
   00744    0.4125   -1258.8702  0.7681 
   00745    0.3925   -1276.2080  0.7692 
   00746    0.4350   -1280.9975  0.7605 
   00747    0.4075   -1278.1059  0.7639 
   00748    0.3500   -1275.2629  0.7702 
   00749    0.3975   -1270.2925  0.7823 
   00750    0.4300   -1268.3931  0.7766 
   00751    0.4000   -1269.3866  0.7862 
   00752    0.4100   -1273.9078  0.7937 
   00753    0.4075   -1252.8751  0.7858 
   00754    0.3775   -1239.2005  0.7912 
   00755    0.4175   -1276.0942  0.7970 
   00756    0.4100   -1280.9945  0.7895 
   00757    0.4075   -1279.9170  0.7961 
   00758    0.3450   -1262.7643  0.7942 
   00759    0.4125   -1263.1552  0.8082 
   00760    0.4175   -1242.0500  0.7953 
   00761    0.3700   -1249.0264  0.8008 
   00762    0.4475   -1258.9114  0.8006 
   00763    0.3950   -1268.4326  0.8076 
   00764    0.3925   -1248.9939  0.7987 
   00765    0.3950   -1262.5657  0.8044 
   00766    0.3725   -1270.0721  0.8063 
   00767    0.3875   -1268.6402  0.8219 
   00768    0.4475   -1251.0593  0.8144 
   00769    0.4000   -1272.9930  0.8251 
   00770    0.4025   -1279.9162  0.8169 
   00771    0.3750   -1296.4910  0.8224 
   00772    0.4200   -1284.3313  0.8210 
   00773    0.4325   -1291.9859  0.8254 
   00774    0.3825   -1300.5281  0.8337 
   00775    0.3900   -1287.6583  0.8382 
   00776    0.3650   -1283.5985  0.8394 
   00777    0.3550   -1296.9609  0.8352 
   00778    0.3875   -1281.2477  0.8317 
   00779    0.3725   -1299.0288  0.8326 
   00780    0.4125   -1327.0595  0.8406 
   00781    0.3600   -1330.1887  0.8416 
   00782    0.3975   -1334.7606  0.8423 
   00783    0.4100   -1311.6626  0.8373 
   00784    0.3475   -1308.5198  0.8338 
   00785    0.4250   -1304.1326  0.8286 
   00786    0.4000   -1283.9326  0.8112 
   00787    0.4225   -1289.3301  0.8184 
   00788    0.3875   -1300.1123  0.8112 
   00789    0.4100   -1271.7902  0.8029 
   00790    0.4275   -1279.6830  0.8275 
   00791    0.4075   -1283.5259  0.8330 
   00792    0.3925   -1284.8529  0.8430 
   00793    0.3925   -1293.7177  0.8440 
   00794    0.4200   -1306.4134  0.8524 
   00795    0.4025   -1312.7638  0.8550 
   00796    0.4100   -1299.8102  0.8491 
   00797    0.3750   -1292.6162  0.8412 
   00798    0.3500   -1311.2279  0.8448 
   00799    0.4250   -1311.4277  0.8413 
   00800    0.4100   -1292.9530  0.8354 
   00801    0.4050   -1269.4473  0.8206 
   00802    0.3825   -1266.2880  0.8217 
   00803    0.3775   -1285.0856  0.8340 
   00804    0.3925   -1297.7389  0.8461 
   00805    0.4400   -1291.8788  0.8402 
   00806    0.3725   -1289.1379  0.8380 
   00807    0.4075   -1299.0872  0.8395 
   00808    0.3700   -1309.4742  0.8385 
   00809    0.3500   -1303.0502  0.8407 
   00810    0.3775   -1313.0126  0.8536 
   00811    0.3975   -1320.7170  0.8492 
   00812    0.3750   -1317.6206  0.8574 
   00813    0.4050   -1294.4301  0.8433 
   00814    0.4175   -1312.3257  0.8523 
   00815    0.3475   -1310.3294  0.8416 
   00816    0.3550   -1302.0576  0.8321 
   00817    0.4375   -1280.5358  0.8129 
   00818    0.4075   -1280.7360  0.8100 
   00819    0.3675   -1289.9603  0.8219 
   00820    0.3775   -1304.3824  0.8237 
   00821    0.3325   -1291.0161  0.8135 
   00822    0.4000   -1286.4040  0.8208 
   00823    0.4025   -1313.6522  0.8356 
   00824    0.4275   -1303.9569  0.8346 
   00825    0.4075   -1307.1724  0.8285 
   00826    0.4175   -1308.3911  0.8197 
   00827    0.4375   -1305.2368  0.8187 
   00828    0.3675   -1315.3764  0.8198 
   00829    0.4150   -1284.4959  0.8087 
   00830    0.4225   -1291.8343  0.8218 
   00831    0.4100   -1322.1549  0.8310 
   00832    0.3875   -1331.2277  0.8487 
   00833    0.3900   -1326.0435  0.8364 
   00834    0.3875   -1309.4259  0.8230 
   00835    0.4150   -1320.3836  0.8309 
   00836    0.3750   -1298.6391  0.8225 
   00837    0.4275   -1291.8967  0.8261 
   00838    0.3650   -1309.4287  0.8300 
   00839    0.3875   -1316.3513  0.8264 
   00840    0.3675   -1306.8744  0.8253 
   00841    0.4075   -1355.1759  0.8429 
   00842    0.3750   -1338.6166  0.8379 
   00843    0.3825   -1313.1551  0.8312 
   00844    0.3600   -1298.8307  0.8233 
   00845    0.3925   -1280.2433  0.8272 
   00846    0.3775   -1291.4408  0.8299 
   00847    0.4100   -1291.8031  0.8227 
   00848    0.3675   -1299.5601  0.8293 
   00849    0.4225   -1297.7226  0.8288 
   00850    0.4175   -1281.3657  0.8212 
   00851    0.4250   -1282.3249  0.8347 
   00852    0.3675   -1265.2689  0.8262 
   00853    0.3900   -1296.1655  0.8379 
   00854    0.3750   -1300.6863  0.8309 
   00855    0.4100   -1304.8550  0.8305 
   00856    0.3950   -1315.6116  0.8387 
   00857    0.4250   -1309.8347  0.8298 
   00858    0.3925   -1294.0951  0.8264 
   00859    0.3675   -1296.6128  0.8281 
   00860    0.4075   -1295.0767  0.8102 
   00861    0.3900   -1266.8979  0.7932 
   00862    0.3700   -1259.5606  0.7922 
   00863    0.3800   -1275.6850  0.8034 
   00864    0.4525   -1260.4930  0.8059 
   00865    0.3650   -1272.9562  0.7884 
   00866    0.3900   -1261.4376  0.7925 
   00867    0.4000   -1276.1768  0.7952 
   00868    0.3850   -1283.3370  0.8068 
   00869    0.3625   -1287.3505  0.8048 
   00870    0.4000   -1294.4262  0.8237 
   00871    0.4225   -1282.9913  0.8294 
   00872    0.3775   -1295.1075  0.8302 
   00873    0.4150   -1294.7761  0.8381 
   00874    0.4200   -1295.7636  0.8348 
   00875    0.4325   -1294.6902  0.8165 
   00876    0.3650   -1278.9790  0.7954 
   00877    0.4250   -1272.2120  0.8186 
   00878    0.3800   -1301.2481  0.8270 
   00879    0.3600   -1284.0667  0.8156 
   00880    0.4225   -1292.5693  0.8118 
   00881    0.4025   -1276.7861  0.8015 
   00882    0.4050   -1276.5216  0.8057 
   00883    0.3975   -1283.7678  0.8155 
   00884    0.3925   -1286.0360  0.8036 
   00885    0.4000   -1293.3515  0.7960 
   00886    0.3475   -1314.7619  0.8062 
   00887    0.4300   -1302.4115  0.8116 
   00888    0.4125   -1290.6840  0.8112 
   00889    0.3900   -1284.3957  0.8215 
   00890    0.4125   -1275.7811  0.8219 
   00891    0.4275   -1264.3398  0.8127 
   00892    0.4000   -1259.9277  0.8227 
   00893    0.3975   -1270.4208  0.8181 
   00894    0.3950   -1286.9602  0.8240 
   00895    0.3725   -1260.7391  0.8255 
   00896    0.3900   -1237.4138  0.8088 
   00897    0.4150   -1213.8946  0.7945 
   00898    0.3925   -1240.1090  0.8004 
   00899    0.3900   -1245.5426  0.8007 
   00900    0.4225   -1252.2263  0.7963 
   00901    0.4450   -1247.2336  0.7989 
   00902    0.4275   -1266.5012  0.8109 
   00903    0.3725   -1279.4353  0.8113 
   00904    0.3900   -1272.7804  0.8150 
   00905    0.4400   -1292.9100  0.8253 
   00906    0.3425   -1272.0007  0.8149 
   00907    0.4025   -1285.9357  0.8307 
   00908    0.4425   -1279.5362  0.8324 
   00909    0.3600   -1292.4945  0.8333 
   00910    0.4025   -1279.4292  0.8172 
   00911    0.3725   -1297.3425  0.8104 
   00912    0.4050   -1283.3906  0.8042 
   00913    0.3600   -1281.7616  0.8128 
   00914    0.4000   -1247.3174  0.7922 
   00915    0.4400   -1263.1796  0.8021 
   00916    0.4225   -1264.7505  0.8017 
   00917    0.3750   -1286.3022  0.8088 
   00918    0.3625   -1295.8911  0.8187 
   00919    0.4300   -1276.2422  0.8145 
   00920    0.3700   -1243.8870  0.8039 
   00921    0.4000   -1238.9393  0.7979 
   00922    0.3725   -1278.6089  0.7945 
   00923    0.4350   -1287.7090  0.7972 
   00924    0.3850   -1280.2064  0.8011 
   00925    0.4100   -1294.3197  0.8034 
   00926    0.3875   -1300.9572  0.7968 
   00927    0.4275   -1294.6201  0.7869 
   00928    0.3900   -1292.7580  0.7799 
   00929    0.3875   -1283.6571  0.7876 
   00930    0.3875   -1302.6180  0.7885 
   00931    0.4075   -1269.3823  0.7842 
   00932    0.4075   -1260.2289  0.7858 
   00933    0.4175   -1266.9926  0.7733 
   00934    0.3950   -1282.3837  0.7805 
   00935    0.4125   -1302.2442  0.7782 
   00936    0.4075   -1306.2959  0.7819 
   00937    0.3950   -1321.8106  0.7774 
   00938    0.4150   -1302.5787  0.7632 
   00939    0.4150   -1294.9907  0.7811 
   00940    0.4175   -1304.8125  0.7887 
   00941    0.4175   -1294.6366  0.7761 
   00942    0.3900   -1294.9767  0.7767 
   00943    0.3525   -1297.9320  0.7599 
   00944    0.3975   -1274.3716  0.7600 
   00945    0.4100   -1275.6752  0.7722 
   00946    0.4125   -1274.3770  0.7690 
   00947    0.4050   -1269.5553  0.7686 
   00948    0.4050   -1286.2534  0.7751 
   00949    0.4175   -1305.0592  0.7847 
   00950    0.3825   -1289.6529  0.7876 
   00951    0.4250   -1251.4167  0.7798 
   00952    0.3850   -1260.4879  0.7900 
   00953    0.4125   -1284.5804  0.8001 
   00954    0.3725   -1270.2283  0.8004 
   00955    0.4525   -1273.1326  0.7988 
   00956    0.4350   -1263.6267  0.7951 
   00957    0.4000   -1267.6845  0.7911 
   00958    0.4000   -1281.9213  0.7906 
   00959    0.3500   -1279.7695  0.7924 
   00960    0.4375   -1258.0780  0.7912 
   00961    0.4225   -1266.8894  0.7886 
   00962    0.3825   -1292.0206  0.7934 
   00963    0.4150   -1294.4673  0.7958 
   00964    0.4050   -1291.7086  0.7864 
   00965    0.3425   -1278.8120  0.7854 
   00966    0.4425   -1277.3060  0.7950 
   00967    0.3575   -1267.4588  0.8023 
   00968    0.4075   -1295.4905  0.8141 
   00969    0.4200   -1278.8352  0.8184 
   00970    0.3575   -1301.1916  0.8287 
   00971    0.4100   -1295.0251  0.8191 
   00972    0.3750   -1282.9656  0.8160 
   00973    0.3950   -1272.7226  0.7974 
   00974    0.3725   -1289.9651  0.7919 
   00975    0.4075   -1264.3700  0.7880 
   00976    0.3425   -1248.4410  0.7731 
   00977    0.4200   -1276.7001  0.7882 
   00978    0.3600   -1285.2554  0.7791 
   00979    0.4450   -1296.5265  0.7705 
   00980    0.3975   -1292.6566  0.7663 
   00981    0.3675   -1281.6164  0.7536 
   00982    0.4025   -1267.6120  0.7501 
   00983    0.3950   -1254.5010  0.7382 
   00984    0.4675   -1239.6605  0.7368 
   00985    0.4350   -1235.8857  0.7425 
   00986    0.3850   -1264.1383  0.7543 
   00987    0.3875   -1231.6841  0.7549 
   00988    0.4050   -1231.4739  0.7564 
   00989    0.4350   -1241.6007  0.7493 
   00990    0.3875   -1258.6070  0.7584 
   00991    0.3925   -1279.8291  0.7560 
   00992    0.3875   -1273.6401  0.7482 
   00993    0.3725   -1301.0629  0.7718 
   00994    0.4000   -1290.0717  0.7608 
   00995    0.4325   -1298.6570  0.7718 
   00996    0.3650   -1303.5574  0.7654 
   00997    0.3650   -1278.5353  0.7705 
   00998    0.4250   -1290.2318  0.7799 
   00999    0.3900   -1288.0023  0.7764 
   01000    0.3475   -1272.0112  0.7624 
